displacement_x_1:(-3021075445.9512477, 61317565.99900087)
displacement_y_1:(0.0, 27116874292.285812)
